%YAML:1.0
---
camera:
   exposure_ms: 6.8500000000000000e+01
   gain: 1.4800000000000001e+01
image:
   rotation_matrix: !!opencv-matrix
      rows: 2
      cols: 2
      dt: d
      data: [ 0., -1., 1., 0. ]
